12

0 0 150 70 0 0 254 0 0
0 0 22.5 0 0.25 0.06 76.4 0 0
150 22.5 0 157.5 0 0 0 0.2 0
70 0 157.5 0 140 0 0 50 0
0 0.25 0 140 0 125 0 0 0
0 0.06 0 0 125 0 110 0 0
254 76.4 0 0 0 110 0 0.1 181.4
0 0 0.2 50 0 0 0.1 0 0
0 0 0 0 0 0 181.4 0 0

0 2 4 2 2.83 4.47 4 4.47 5.66
2 0 2 2.83 2 2.83 4.47 2 4.47
4 2 0 4.47 2.83 2 5.66 4.47 4
2 2.83 4.47 0 2 4 2 2.83 4.47
2.83 2 2.83 2 0 2 2.83 2 2.83
4.47 2.83 2 4 2 0 4.47 2.83 2
4 4.47 5.66 2 2.83 4.47 0 2 4
4.47 2 4.47 2.83 2 2.83 2 0 2
5.66 4.47 4 4.47 2.83 2 4 2 0