20

0 120 80    0  0 0    0 0   40 80 0 0  80 0   0  0   0   0    0   0
0   0 80 1630 30 0  930 0   80 90 0 0  0  0   0  0   0   0  460   0
0 0  0 0   0 130 0  0   210 260 0 0  0 870 0  0   0   0  910 0
0 0  0 0   60 380 500 0   130 0  0 70 0 0   0  0   0   100 1050 0
0 0  0 0   0 0  150 90  0  60 0 0  0 0   90 0   0   0  0   0
0 0  0 0   0 0  410 0   0  0  0 30 0 0   0  0   0   70 0   0
0 0  0 0   0 0  0  1600 0  110 0 0  0 60  0  0   0   110 0   250
0 0  0 0   0 0  0  0   0  0  0 0  40 0   0  0   0   0  500 2230
0 0  0 0   0 0  0  0   0  0  0 0  0 500 0  0   500 0  0   0
0 0  0 0   0 0  0  0   0  0  30 800 0 1240 160 0   0   0  350 0
0 0  0 0   0 0  0  0   0  0  0 150 0 200 80 1500 350 90 0   0
0 0  0 0   0 0  0  0   0  0  0 0  0 0   110 0   1000 0  560 0
0 0  0 0   0 0  0  0   0  0  0 0  0 500 40 500 0   40 0   0
0 0  0 0   0 0  0  0   0  0  0 0  0 0   650 0   0   60 0   0
0 0  0 0   0 0  0  0   0  0  0 0  0 0   0  0   350 0  0   0
0 0  0 0   0 0  0  0   0  0  0 0  0 0   0  0   1000 0  0   0
0 0  0 0   0 0  0  0   0  0  0 0  0 0   0  0   0   0  500 0
0 0  0 0   0 0  0  0   0  0  0 0  0 0   0  0   0   0  310 0
0 0  0 0   0 0  0  0   0  0  0 0  0 0   0  0   0   0  0   0
0 0  0 0   0 0  0  0   0  0  0 0  0 0   0  0   0   0  0   0
