20

 0 150 200 280 240 55  0 50 95 55 890 0  0 320 655 395 0 845 80 95
25  0  0 235 935 0  0 515 0  0  0 75  0  0 95 840 50 915 135 0
935 0  0 910 675 0  0 265 60 800 180 0 70  0  0  0 90  0 665 995
620 75 160 0 80 60 180 165 0 385 175 890 955 0 60  0 430 345 555 90
 0 75  0 50  0 80  0 70 520 95 70 435 0  0 65 95 50  0 175 0
 0  0 925 50 55  0 510 0 760 0  0 95  0  0  0  0 195 900 110 0
55 60 305 235 385 0  0 305 0  0  0  0 95 760 60 60 75 80  0 555
380 65 50 80 525 90 975 0 85 120 400 980 0 95  0 830 0 55 90  0
50 70 65  0 90 95 60 530 0  0  0 90 80 265 0 60  0 85 95 85
170 50 90 90  0 665 50 975 85  0  0 75 90 55 640 0 255 385 0 80
50  0 90 765 0  0  0 980 180 425 0 75 65 725 515 930 180 85 515 65
90 195 0 110 0 585 185 385 95 60 55  0  0 545 0  0  0  0 220 670
 0  0 135 550 55 690 310 410 60  0  0 50  0 165 85  0 195 545 80 55
65 90 220 0 80  0 65 605 90 425 0  0 70  0 65 750 95  0  0 785
80  0  0 55 70  0 75  0 70  0 545 90 95  0  0  0 80 775 70 755
65 140 0  0 830 80 55  0 80 50 90 80 740 65  0  0 95  0 455 70
 0 70 880 95  0  0 50 685 70  0 870 725 0 450 0 70  0  0 450 50
70 75  0 60 80 65  0 50 65  0 430 80  0 130 190 80 90  0 765 0
80 725 310 0  0  0 85  0 885 50  0 85 85 90 75  0 485 0  0 65
80 60 365 0 80  0  0  0 50  0 50  0  0 110 65  0 90  0  0  0
