15

0  0 0 0   0 0 0  0  0 0   0 0  0 0  240
240 0 0 0   0 0 0  0  0 0   0 0  0 0  0
0  0 0 1200 0 0 0  0  0 0   0 0  0 0  0
0  0 0 0   0 0 0  0  0 1200 0 0  0 0  0
0  0 0 0   0 0 0  0  0 0   0 0  0 600 0
0  0 0 0   0 0 0  48 00 0   0 0  0 0  0
0  0 0 0   0 0 0  480 0 0   0 0  0 0  0
0  0 0 0   0 0 0  0  0 0   0 0  0 0  120
0  0 0 0   0 0 0  0  0 600 0 0  0 0  0
0  0 0 0   0 0 0  0  0 0   0 600 0 0  0
0  0 0 0   0 0 480 0  0 0   0 0  0 0  0
0  0 0 0   0 0 0  0  0 0   0 0  0 0  600
0  0 0 0   0 0 480 0  0 0   0 0  0 0  0
0  0 0 0   0 0 0  0  0 0   0 600 0 0  0
0 10 25 0 25 40 0 0 25 0 40 0 20 0 0
