30

0 0 0 0 0 0 0 0 0 0 0 0 0 0 0 0 0 0 0 0 0 0 0 2.95 6.32 1.26 2.11 1.26 0 13.91
0 0 0 0 0 20.38 0 0 0 0 0 0 0 0 0 0 0 0 4.5 3.63 2.93 1.29 1.43 0 0 0 0 0 0 0
0 0 0 0 0 0    0   0    0    0   0   0    0    0   0    0   0 0     0  0   0   0   0   0   0   0   0   0   0    0
0 0 394.11 0     0  0    0   0    0    0   0   0    0    0   0    0   0 0     0  0   0   0   0   0   0   0   0   0   0    0
0 0 0     0     0  0    0   0    0    0   4.09 33.09 0    0   0    0   0 0     0  0   0   0   0   0   0   0   0   0   0    0
0 0 0 0 8.2 0 2.07 4.84 0 4.56 0 1.83 0.61 0 0 0   0 0     0  0   0   0   0   0   0   0   0   0   0    0
0 0 0     0     0  0    0   12.97 0    0   0   0    0    0   0    0   0 0      0  0   0   0   0   0   0   0   0   0   0    0
0 0 0     0     0  0    0   0    43.23 0   0   0    0    0   0    0   0 0     0  0   0   0   0   0   0   0   0   0   0    0
0 0 0     0     0  0    0   0    0    0   4.76 38.47 0    0   0    0   0 0     0  0   0   0   0   0   0   0   0   0   0    0
0 0 0       0     0  0    0   0    0    0   0   38.03 0    0   0    0   0 0     0  0   0   0   0   0   0   0   0   0   0    0
0 0 0      0     0  0    0   0    0    0   0   8.84 0    0   0    0   0 0     0  0   0   0   0   0   0   0   0   0   0    0
0 0 0     0     0  0    0   0    0    0   0   0    12.87 4.67 53.42 1.83 0 0     0  0   0   0   0   0   0   0   0   0   0    0
0 0 0     0     0  0    0   0    0    0   0   0    0    0   12.97 0   0 0     0  0   0   0   0   0   0   0   0   0   0    0
0 0 0     0     0  0    0   0    0    0   0   0    0    0   4.67 0   0 0     0  0   0   0   0   0   0   0   0   0   0    0
0 0 0     63.95 0  0    0   0    0    0   0   0    0    0   0    0   0 190.74 0  0   0   0   0   0   0   0   0   0   0    0
0 0 0      0     0  0    0   0    0    0   0   0    0    0   4.58 0   0 0     0  0   0   0   0   0   0   0   0   0   0    0
0 0 0     0     0  0    0   0    0    0   0   0    0    0   0.76 0   0 0     0  0   0   0   0   0   0   0   0   0   0    0
0 0 0     190.74 0  0    0   0    0    0   0   0    0    0   0    0   0 0     0  0   0   0   0   0   0   0   0   0   0    0
0 0 0     0     0  0    0   0    0    0   0   0    0    0   0    0   0 0     0  0   0   0   0   0   0   0   0   0   9.18 0
0 0 0     0     0  0    0   0    0    0   0   0    0    0   0    0   0 0     0  0   0   0   0   0   0   0   0   0   7.4  0
0 0 0     0     0  0    0   0    0    0   0   0    0    0   0    0   0 0     0  0   0   0   0   0   0   0   0   0   5.97 0
0 0 0     0     0  0    0   0    0    0   0   0    0    0   0    0   0 0     0  0   0   0   0   0   0   0   0   0   2.63 0
0 0 0     0     0  0    0   0    0    0   0   0    0    0   0    0   0 0     0  0   0   0   0   0   0   0   0   0   2.92 0
0 0 0     0     0  0    0   0    0    0   0   0    0    0   0    0   0 0     0  0   0   0   0   0   0   0   0   0   5.9  0
0 0 0     0     0  0    0   0    0    0   0   0    0    0   0    0   0 0     0  0   0   0   0   0   0   0   0   0   12.65 0
0 0 0     0     0  0    0   0    0    0   0   0    0    0   0    0   0 0     0  0   0   0   0   0   0   0   0   0   2.53 0
0 0 0     0     0  0    0   0    0    0   0   0    0    0   0    0   0 0     0  0   0   0   0   0   0   0   0   0   4.22 0
0 0 0     0     0  0    0   0    0    0   0   0    0    0   0    0   0 0     0  0   0   0   0   0   0   0   0   0   2.53 0
0 0 0     191.13 0  0    0   0    0    0   0   0    0    0   0    0   0 0     0  0   0   0   0   0   0   0   0   0   0    0
0 0 0     0     0  0    0   0    0    0   0   0    0    0   0    0   0 0     0  0   0   0   0   0   0   0   0   0   59.64 0
