         7

         0         0         0         0         0       300       200
         0         0         0         0         0         0         0
         0         0         0         0         0         0         0
         0         0       200         0         0         0         0
         0         0         0       150         0         0         0
         0       150         0         0       150         0         0
         0         0         0         0         0         0         0
         0         0         0       300         0         0         0
         0         0         0         0         0         0         0
